# relative_time, cycles_done, cur_item, corpus_count, pending_total, pending_favs, map_size, saved_crashes, saved_hangs, max_depth, execs_per_sec, total_execs, edges_found, total_crashes, servers_count
61, 19, 10, 74, 0, 0, 24.03%, 18, 0, 8, 4147.06, 262488, 31, 664, 0
66, 22, 0, 74, 0, 0, 24.03%, 18, 0, 8, 4366.82, 285414, 31, 726, 0
71, 24, 74, 75, 0, 0, 24.03%, 18, 0, 8, 4391.40, 308316, 31, 800, 0
77, 26, 74, 75, 0, 0, 24.03%, 18, 0, 8, 4426.82, 330941, 31, 857, 0
82, 28, 48, 75, 0, 0, 24.03%, 18, 0, 8, 4441.03, 353954, 31, 938, 0
87, 31, 44, 75, 0, 0, 24.03%, 18, 0, 8, 4457.03, 376260, 31, 985, 0
92, 33, 74, 75, 0, 0, 24.03%, 18, 0, 8, 4194.92, 397132, 31, 1057, 0
97, 35, 9, 75, 0, 0, 24.03%, 18, 0, 8, 4335.21, 419005, 31, 1122, 0
102, 36, 8, 75, 0, 0, 24.03%, 18, 0, 8, 4215.85, 440535, 31, 1183, 0
107, 38, 8, 75, 0, 0, 24.03%, 18, 0, 8, 4235.79, 461598, 31, 1249, 0
111, 40, 12, 75, 0, 0, 24.03%, 18, 0, 8, 4162.26, 478137, 31, 1291, 0
